(kicad_pcb (version 20171130) (host pcbnew "(5.1.6)-1")

  (general
    (thickness 1.6)
    (drawings 4)
    (tracks 92)
    (zones 0)
    (modules 13)
    (nets 17)
  )

  (page A4)
  (layers
    (0 F.Cu signal)
    (31 B.Cu signal)
    (32 B.Adhes user)
    (33 F.Adhes user)
    (34 B.Paste user)
    (35 F.Paste user)
    (36 B.SilkS user)
    (37 F.SilkS user)
    (38 B.Mask user)
    (39 F.Mask user)
    (40 Dwgs.User user)
    (41 Cmts.User user)
    (42 Eco1.User user)
    (43 Eco2.User user)
    (44 Edge.Cuts user)
    (45 Margin user)
    (46 B.CrtYd user)
    (47 F.CrtYd user)
    (48 B.Fab user)
    (49 F.Fab user)
  )

  (setup
    (last_trace_width 0.5)
    (user_trace_width 0.5)
    (trace_clearance 0.2)
    (zone_clearance 0.508)
    (zone_45_only no)
    (trace_min 0.2)
    (via_size 0.8)
    (via_drill 0.4)
    (via_min_size 0.4)
    (via_min_drill 0.3)
    (uvia_size 0.3)
    (uvia_drill 0.1)
    (uvias_allowed no)
    (uvia_min_size 0.2)
    (uvia_min_drill 0.1)
    (edge_width 0.05)
    (segment_width 0.2)
    (pcb_text_width 0.3)
    (pcb_text_size 1.5 1.5)
    (mod_edge_width 0.12)
    (mod_text_size 1 1)
    (mod_text_width 0.15)
    (pad_size 1.524 1.524)
    (pad_drill 0.762)
    (pad_to_mask_clearance 0.05)
    (aux_axis_origin 0 0)
    (grid_origin 97 97)
    (visible_elements FFFFFF7F)
    (pcbplotparams
      (layerselection 0x010fc_ffffffff)
      (usegerberextensions false)
      (usegerberattributes true)
      (usegerberadvancedattributes true)
      (creategerberjobfile true)
      (excludeedgelayer true)
      (linewidth 0.100000)
      (plotframeref false)
      (viasonmask false)
      (mode 1)
      (useauxorigin false)
      (hpglpennumber 1)
      (hpglpenspeed 20)
      (hpglpendiameter 15.000000)
      (psnegative false)
      (psa4output false)
      (plotreference true)
      (plotvalue true)
      (plotinvisibletext false)
      (padsonsilk false)
      (subtractmaskfromsilk false)
      (outputformat 1)
      (mirror false)
      (drillshape 1)
      (scaleselection 1)
      (outputdirectory ""))
  )

  (net 0 "")
  (net 1 GND)
  (net 2 "Net-(C1-Pad1)")
  (net 3 "Net-(C2-Pad1)")
  (net 4 "Net-(C3-Pad1)")
  (net 5 "Net-(J1-Pad4)")
  (net 6 "Net-(J1-Pad7)")
  (net 7 "Net-(R3-Pad1)")
  (net 8 "Net-(R4-Pad1)")
  (net 9 /TX+in)
  (net 10 /TX-in)
  (net 11 /RX+in)
  (net 12 /RX-in)
  (net 13 /TX-out)
  (net 14 /RX+out)
  (net 15 /RX-out)
  (net 16 /TX+out)

  (net_class Default "This is the default net class."
    (clearance 0.2)
    (trace_width 0.25)
    (via_dia 0.8)
    (via_drill 0.4)
    (uvia_dia 0.3)
    (uvia_drill 0.1)
    (add_net /RX+in)
    (add_net /RX+out)
    (add_net /RX-in)
    (add_net /RX-out)
    (add_net /TX+in)
    (add_net /TX+out)
    (add_net /TX-in)
    (add_net /TX-out)
    (add_net GND)
    (add_net "Net-(C1-Pad1)")
    (add_net "Net-(C2-Pad1)")
    (add_net "Net-(C3-Pad1)")
    (add_net "Net-(J1-Pad4)")
    (add_net "Net-(J1-Pad7)")
    (add_net "Net-(R3-Pad1)")
    (add_net "Net-(R4-Pad1)")
  )

  (module Resistor_SMD:R_1206_3216Metric_Pad1.42x1.75mm_HandSolder (layer F.Cu) (tedit 5B301BBD) (tstamp 61B915B9)
    (at 112.9 67.8 90)
    (descr "Resistor SMD 1206 (3216 Metric), square (rectangular) end terminal, IPC_7351 nominal with elongated pad for handsoldering. (Body size source: http://www.tortai-tech.com/upload/download/2011102023233369053.pdf), generated with kicad-footprint-generator")
    (tags "resistor handsolder")
    (path /61BAEE3A)
    (attr smd)
    (fp_text reference C1 (at 0 -1.82 90) (layer F.SilkS)
      (effects (font (size 1 1) (thickness 0.15)))
    )
    (fp_text value 10n (at 0 1.82 90) (layer F.Fab)
      (effects (font (size 1 1) (thickness 0.15)))
    )
    (fp_text user %R (at 0 0 90) (layer F.Fab)
      (effects (font (size 0.8 0.8) (thickness 0.12)))
    )
    (fp_line (start -1.6 0.8) (end -1.6 -0.8) (layer F.Fab) (width 0.1))
    (fp_line (start -1.6 -0.8) (end 1.6 -0.8) (layer F.Fab) (width 0.1))
    (fp_line (start 1.6 -0.8) (end 1.6 0.8) (layer F.Fab) (width 0.1))
    (fp_line (start 1.6 0.8) (end -1.6 0.8) (layer F.Fab) (width 0.1))
    (fp_line (start -0.602064 -0.91) (end 0.602064 -0.91) (layer F.SilkS) (width 0.12))
    (fp_line (start -0.602064 0.91) (end 0.602064 0.91) (layer F.SilkS) (width 0.12))
    (fp_line (start -2.45 1.12) (end -2.45 -1.12) (layer F.CrtYd) (width 0.05))
    (fp_line (start -2.45 -1.12) (end 2.45 -1.12) (layer F.CrtYd) (width 0.05))
    (fp_line (start 2.45 -1.12) (end 2.45 1.12) (layer F.CrtYd) (width 0.05))
    (fp_line (start 2.45 1.12) (end -2.45 1.12) (layer F.CrtYd) (width 0.05))
    (pad 2 smd roundrect (at 1.4875 0 90) (size 1.425 1.75) (layers F.Cu F.Paste F.Mask) (roundrect_rratio 0.175439)
      (net 1 GND))
    (pad 1 smd roundrect (at -1.4875 0 90) (size 1.425 1.75) (layers F.Cu F.Paste F.Mask) (roundrect_rratio 0.175439)
      (net 2 "Net-(C1-Pad1)"))
    (model ${KISYS3DMOD}/Resistor_SMD.3dshapes/R_1206_3216Metric.wrl
      (at (xyz 0 0 0))
      (scale (xyz 1 1 1))
      (rotate (xyz 0 0 0))
    )
  )

  (module Resistor_SMD:R_1206_3216Metric_Pad1.42x1.75mm_HandSolder (layer F.Cu) (tedit 5B301BBD) (tstamp 61B915CA)
    (at 113.7 85.5125 270)
    (descr "Resistor SMD 1206 (3216 Metric), square (rectangular) end terminal, IPC_7351 nominal with elongated pad for handsoldering. (Body size source: http://www.tortai-tech.com/upload/download/2011102023233369053.pdf), generated with kicad-footprint-generator")
    (tags "resistor handsolder")
    (path /61BAF45D)
    (attr smd)
    (fp_text reference C2 (at 0 -1.82 90) (layer F.SilkS)
      (effects (font (size 1 1) (thickness 0.15)))
    )
    (fp_text value 10n (at 0 1.82 90) (layer F.Fab)
      (effects (font (size 1 1) (thickness 0.15)))
    )
    (fp_line (start 2.45 1.12) (end -2.45 1.12) (layer F.CrtYd) (width 0.05))
    (fp_line (start 2.45 -1.12) (end 2.45 1.12) (layer F.CrtYd) (width 0.05))
    (fp_line (start -2.45 -1.12) (end 2.45 -1.12) (layer F.CrtYd) (width 0.05))
    (fp_line (start -2.45 1.12) (end -2.45 -1.12) (layer F.CrtYd) (width 0.05))
    (fp_line (start -0.602064 0.91) (end 0.602064 0.91) (layer F.SilkS) (width 0.12))
    (fp_line (start -0.602064 -0.91) (end 0.602064 -0.91) (layer F.SilkS) (width 0.12))
    (fp_line (start 1.6 0.8) (end -1.6 0.8) (layer F.Fab) (width 0.1))
    (fp_line (start 1.6 -0.8) (end 1.6 0.8) (layer F.Fab) (width 0.1))
    (fp_line (start -1.6 -0.8) (end 1.6 -0.8) (layer F.Fab) (width 0.1))
    (fp_line (start -1.6 0.8) (end -1.6 -0.8) (layer F.Fab) (width 0.1))
    (fp_text user %R (at 0 0 90) (layer F.Fab)
      (effects (font (size 0.8 0.8) (thickness 0.12)))
    )
    (pad 1 smd roundrect (at -1.4875 0 270) (size 1.425 1.75) (layers F.Cu F.Paste F.Mask) (roundrect_rratio 0.175439)
      (net 3 "Net-(C2-Pad1)"))
    (pad 2 smd roundrect (at 1.4875 0 270) (size 1.425 1.75) (layers F.Cu F.Paste F.Mask) (roundrect_rratio 0.175439)
      (net 1 GND))
    (model ${KISYS3DMOD}/Resistor_SMD.3dshapes/R_1206_3216Metric.wrl
      (at (xyz 0 0 0))
      (scale (xyz 1 1 1))
      (rotate (xyz 0 0 0))
    )
  )

  (module Resistor_SMD:R_1206_3216Metric_Pad1.42x1.75mm_HandSolder (layer F.Cu) (tedit 5B301BBD) (tstamp 61B915DB)
    (at 125.9 93.1)
    (descr "Resistor SMD 1206 (3216 Metric), square (rectangular) end terminal, IPC_7351 nominal with elongated pad for handsoldering. (Body size source: http://www.tortai-tech.com/upload/download/2011102023233369053.pdf), generated with kicad-footprint-generator")
    (tags "resistor handsolder")
    (path /61BAE2C0)
    (attr smd)
    (fp_text reference C3 (at 0 -1.82) (layer F.SilkS)
      (effects (font (size 1 1) (thickness 0.15)))
    )
    (fp_text value "1n / 2000V" (at 0 1.82) (layer F.Fab)
      (effects (font (size 1 1) (thickness 0.15)))
    )
    (fp_line (start 2.45 1.12) (end -2.45 1.12) (layer F.CrtYd) (width 0.05))
    (fp_line (start 2.45 -1.12) (end 2.45 1.12) (layer F.CrtYd) (width 0.05))
    (fp_line (start -2.45 -1.12) (end 2.45 -1.12) (layer F.CrtYd) (width 0.05))
    (fp_line (start -2.45 1.12) (end -2.45 -1.12) (layer F.CrtYd) (width 0.05))
    (fp_line (start -0.602064 0.91) (end 0.602064 0.91) (layer F.SilkS) (width 0.12))
    (fp_line (start -0.602064 -0.91) (end 0.602064 -0.91) (layer F.SilkS) (width 0.12))
    (fp_line (start 1.6 0.8) (end -1.6 0.8) (layer F.Fab) (width 0.1))
    (fp_line (start 1.6 -0.8) (end 1.6 0.8) (layer F.Fab) (width 0.1))
    (fp_line (start -1.6 -0.8) (end 1.6 -0.8) (layer F.Fab) (width 0.1))
    (fp_line (start -1.6 0.8) (end -1.6 -0.8) (layer F.Fab) (width 0.1))
    (fp_text user %R (at 0 0) (layer F.Fab)
      (effects (font (size 0.8 0.8) (thickness 0.12)))
    )
    (pad 1 smd roundrect (at -1.4875 0) (size 1.425 1.75) (layers F.Cu F.Paste F.Mask) (roundrect_rratio 0.175439)
      (net 4 "Net-(C3-Pad1)"))
    (pad 2 smd roundrect (at 1.4875 0) (size 1.425 1.75) (layers F.Cu F.Paste F.Mask) (roundrect_rratio 0.175439)
      (net 1 GND))
    (model ${KISYS3DMOD}/Resistor_SMD.3dshapes/R_1206_3216Metric.wrl
      (at (xyz 0 0 0))
      (scale (xyz 1 1 1))
      (rotate (xyz 0 0 0))
    )
  )

  (module Connector_Coaxial:SMA_Amphenol_132134_Vertical (layer F.Cu) (tedit 5B2F4DB6) (tstamp 61B91F43)
    (at 139.507201 71.866)
    (descr https://www.amphenolrf.com/downloads/dl/file/id/2187/product/2843/132134_customer_drawing.pdf)
    (tags "SMA THT Female Jack Vertical ExtendedLegs")
    (path /61BAC481)
    (fp_text reference J2 (at 0 -4.75) (layer F.SilkS)
      (effects (font (size 1 1) (thickness 0.15)))
    )
    (fp_text value TX- (at 0 5) (layer F.Fab)
      (effects (font (size 1 1) (thickness 0.15)))
    )
    (fp_text user %R (at 0 0) (layer F.Fab)
      (effects (font (size 1 1) (thickness 0.15)))
    )
    (fp_circle (center 0 0) (end 3.175 0) (layer F.Fab) (width 0.1))
    (fp_line (start 4.17 4.17) (end -4.17 4.17) (layer F.CrtYd) (width 0.05))
    (fp_line (start 4.17 4.17) (end 4.17 -4.17) (layer F.CrtYd) (width 0.05))
    (fp_line (start -4.17 -4.17) (end -4.17 4.17) (layer F.CrtYd) (width 0.05))
    (fp_line (start -4.17 -4.17) (end 4.17 -4.17) (layer F.CrtYd) (width 0.05))
    (fp_line (start -3.5 -3.5) (end 3.5 -3.5) (layer F.Fab) (width 0.1))
    (fp_line (start -3.5 -3.5) (end -3.5 3.5) (layer F.Fab) (width 0.1))
    (fp_line (start -3.5 3.5) (end 3.5 3.5) (layer F.Fab) (width 0.1))
    (fp_line (start 3.5 -3.5) (end 3.5 3.5) (layer F.Fab) (width 0.1))
    (fp_line (start -3.68 -1.8) (end -3.68 1.8) (layer F.SilkS) (width 0.12))
    (fp_line (start 3.68 -1.8) (end 3.68 1.8) (layer F.SilkS) (width 0.12))
    (fp_line (start -1.8 3.68) (end 1.8 3.68) (layer F.SilkS) (width 0.12))
    (fp_line (start -1.8 -3.68) (end 1.8 -3.68) (layer F.SilkS) (width 0.12))
    (pad 2 thru_hole circle (at -2.54 2.54) (size 2.25 2.25) (drill 1.7) (layers *.Cu *.Mask)
      (net 1 GND))
    (pad 2 thru_hole circle (at -2.54 -2.54) (size 2.25 2.25) (drill 1.7) (layers *.Cu *.Mask)
      (net 1 GND))
    (pad 2 thru_hole circle (at 2.54 -2.54) (size 2.25 2.25) (drill 1.7) (layers *.Cu *.Mask)
      (net 1 GND))
    (pad 2 thru_hole circle (at 2.54 2.54) (size 2.25 2.25) (drill 1.7) (layers *.Cu *.Mask)
      (net 1 GND))
    (pad 1 thru_hole circle (at 0 0) (size 2.05 2.05) (drill 1.5) (layers *.Cu *.Mask)
      (net 13 /TX-out))
    (model ${KISYS3DMOD}/Connector_Coaxial.3dshapes/SMA_Amphenol_132134_Vertical.wrl
      (at (xyz 0 0 0))
      (scale (xyz 1 1 1))
      (rotate (xyz 0 0 0))
    )
  )

  (module Connector_Coaxial:SMA_Amphenol_132134_Vertical (layer F.Cu) (tedit 5B2F4DB6) (tstamp 61B91E7D)
    (at 139.507201 81.01)
    (descr https://www.amphenolrf.com/downloads/dl/file/id/2187/product/2843/132134_customer_drawing.pdf)
    (tags "SMA THT Female Jack Vertical ExtendedLegs")
    (path /61BACD19)
    (fp_text reference J3 (at 0 -4.75) (layer F.SilkS)
      (effects (font (size 1 1) (thickness 0.15)))
    )
    (fp_text value RX+ (at 0 5) (layer F.Fab)
      (effects (font (size 1 1) (thickness 0.15)))
    )
    (fp_line (start -1.8 -3.68) (end 1.8 -3.68) (layer F.SilkS) (width 0.12))
    (fp_line (start -1.8 3.68) (end 1.8 3.68) (layer F.SilkS) (width 0.12))
    (fp_line (start 3.68 -1.8) (end 3.68 1.8) (layer F.SilkS) (width 0.12))
    (fp_line (start -3.68 -1.8) (end -3.68 1.8) (layer F.SilkS) (width 0.12))
    (fp_line (start 3.5 -3.5) (end 3.5 3.5) (layer F.Fab) (width 0.1))
    (fp_line (start -3.5 3.5) (end 3.5 3.5) (layer F.Fab) (width 0.1))
    (fp_line (start -3.5 -3.5) (end -3.5 3.5) (layer F.Fab) (width 0.1))
    (fp_line (start -3.5 -3.5) (end 3.5 -3.5) (layer F.Fab) (width 0.1))
    (fp_line (start -4.17 -4.17) (end 4.17 -4.17) (layer F.CrtYd) (width 0.05))
    (fp_line (start -4.17 -4.17) (end -4.17 4.17) (layer F.CrtYd) (width 0.05))
    (fp_line (start 4.17 4.17) (end 4.17 -4.17) (layer F.CrtYd) (width 0.05))
    (fp_line (start 4.17 4.17) (end -4.17 4.17) (layer F.CrtYd) (width 0.05))
    (fp_circle (center 0 0) (end 3.175 0) (layer F.Fab) (width 0.1))
    (fp_text user %R (at 0 0) (layer F.Fab)
      (effects (font (size 1 1) (thickness 0.15)))
    )
    (pad 1 thru_hole circle (at 0 0) (size 2.05 2.05) (drill 1.5) (layers *.Cu *.Mask)
      (net 14 /RX+out))
    (pad 2 thru_hole circle (at 2.54 2.54) (size 2.25 2.25) (drill 1.7) (layers *.Cu *.Mask)
      (net 1 GND))
    (pad 2 thru_hole circle (at 2.54 -2.54) (size 2.25 2.25) (drill 1.7) (layers *.Cu *.Mask)
      (net 1 GND))
    (pad 2 thru_hole circle (at -2.54 -2.54) (size 2.25 2.25) (drill 1.7) (layers *.Cu *.Mask)
      (net 1 GND))
    (pad 2 thru_hole circle (at -2.54 2.54) (size 2.25 2.25) (drill 1.7) (layers *.Cu *.Mask)
      (net 1 GND))
    (model ${KISYS3DMOD}/Connector_Coaxial.3dshapes/SMA_Amphenol_132134_Vertical.wrl
      (at (xyz 0 0 0))
      (scale (xyz 1 1 1))
      (rotate (xyz 0 0 0))
    )
  )

  (module Connector_Coaxial:SMA_Amphenol_132134_Vertical (layer F.Cu) (tedit 5B2F4DB6) (tstamp 61B91EBF)
    (at 139.507201 90.154)
    (descr https://www.amphenolrf.com/downloads/dl/file/id/2187/product/2843/132134_customer_drawing.pdf)
    (tags "SMA THT Female Jack Vertical ExtendedLegs")
    (path /61BAD29F)
    (fp_text reference J4 (at 0 -4.75) (layer F.SilkS)
      (effects (font (size 1 1) (thickness 0.15)))
    )
    (fp_text value RX- (at 0 5) (layer F.Fab)
      (effects (font (size 1 1) (thickness 0.15)))
    )
    (fp_text user %R (at 0 0) (layer F.Fab)
      (effects (font (size 1 1) (thickness 0.15)))
    )
    (fp_circle (center 0 0) (end 3.175 0) (layer F.Fab) (width 0.1))
    (fp_line (start 4.17 4.17) (end -4.17 4.17) (layer F.CrtYd) (width 0.05))
    (fp_line (start 4.17 4.17) (end 4.17 -4.17) (layer F.CrtYd) (width 0.05))
    (fp_line (start -4.17 -4.17) (end -4.17 4.17) (layer F.CrtYd) (width 0.05))
    (fp_line (start -4.17 -4.17) (end 4.17 -4.17) (layer F.CrtYd) (width 0.05))
    (fp_line (start -3.5 -3.5) (end 3.5 -3.5) (layer F.Fab) (width 0.1))
    (fp_line (start -3.5 -3.5) (end -3.5 3.5) (layer F.Fab) (width 0.1))
    (fp_line (start -3.5 3.5) (end 3.5 3.5) (layer F.Fab) (width 0.1))
    (fp_line (start 3.5 -3.5) (end 3.5 3.5) (layer F.Fab) (width 0.1))
    (fp_line (start -3.68 -1.8) (end -3.68 1.8) (layer F.SilkS) (width 0.12))
    (fp_line (start 3.68 -1.8) (end 3.68 1.8) (layer F.SilkS) (width 0.12))
    (fp_line (start -1.8 3.68) (end 1.8 3.68) (layer F.SilkS) (width 0.12))
    (fp_line (start -1.8 -3.68) (end 1.8 -3.68) (layer F.SilkS) (width 0.12))
    (pad 2 thru_hole circle (at -2.54 2.54) (size 2.25 2.25) (drill 1.7) (layers *.Cu *.Mask)
      (net 1 GND))
    (pad 2 thru_hole circle (at -2.54 -2.54) (size 2.25 2.25) (drill 1.7) (layers *.Cu *.Mask)
      (net 1 GND))
    (pad 2 thru_hole circle (at 2.54 -2.54) (size 2.25 2.25) (drill 1.7) (layers *.Cu *.Mask)
      (net 1 GND))
    (pad 2 thru_hole circle (at 2.54 2.54) (size 2.25 2.25) (drill 1.7) (layers *.Cu *.Mask)
      (net 1 GND))
    (pad 1 thru_hole circle (at 0 0) (size 2.05 2.05) (drill 1.5) (layers *.Cu *.Mask)
      (net 15 /RX-out))
    (model ${KISYS3DMOD}/Connector_Coaxial.3dshapes/SMA_Amphenol_132134_Vertical.wrl
      (at (xyz 0 0 0))
      (scale (xyz 1 1 1))
      (rotate (xyz 0 0 0))
    )
  )

  (module Connector_Coaxial:SMA_Amphenol_132134_Vertical (layer F.Cu) (tedit 5B2F4DB6) (tstamp 61B91F01)
    (at 139.507201 62.722)
    (descr https://www.amphenolrf.com/downloads/dl/file/id/2187/product/2843/132134_customer_drawing.pdf)
    (tags "SMA THT Female Jack Vertical ExtendedLegs")
    (path /61BABCAA)
    (fp_text reference J5 (at 0 -4.75) (layer F.SilkS)
      (effects (font (size 1 1) (thickness 0.15)))
    )
    (fp_text value TX+ (at 0 5) (layer F.Fab)
      (effects (font (size 1 1) (thickness 0.15)))
    )
    (fp_line (start -1.8 -3.68) (end 1.8 -3.68) (layer F.SilkS) (width 0.12))
    (fp_line (start -1.8 3.68) (end 1.8 3.68) (layer F.SilkS) (width 0.12))
    (fp_line (start 3.68 -1.8) (end 3.68 1.8) (layer F.SilkS) (width 0.12))
    (fp_line (start -3.68 -1.8) (end -3.68 1.8) (layer F.SilkS) (width 0.12))
    (fp_line (start 3.5 -3.5) (end 3.5 3.5) (layer F.Fab) (width 0.1))
    (fp_line (start -3.5 3.5) (end 3.5 3.5) (layer F.Fab) (width 0.1))
    (fp_line (start -3.5 -3.5) (end -3.5 3.5) (layer F.Fab) (width 0.1))
    (fp_line (start -3.5 -3.5) (end 3.5 -3.5) (layer F.Fab) (width 0.1))
    (fp_line (start -4.17 -4.17) (end 4.17 -4.17) (layer F.CrtYd) (width 0.05))
    (fp_line (start -4.17 -4.17) (end -4.17 4.17) (layer F.CrtYd) (width 0.05))
    (fp_line (start 4.17 4.17) (end 4.17 -4.17) (layer F.CrtYd) (width 0.05))
    (fp_line (start 4.17 4.17) (end -4.17 4.17) (layer F.CrtYd) (width 0.05))
    (fp_circle (center 0 0) (end 3.175 0) (layer F.Fab) (width 0.1))
    (fp_text user %R (at 0 0) (layer F.Fab)
      (effects (font (size 1 1) (thickness 0.15)))
    )
    (pad 1 thru_hole circle (at 0 0) (size 2.05 2.05) (drill 1.5) (layers *.Cu *.Mask)
      (net 16 /TX+out))
    (pad 2 thru_hole circle (at 2.54 2.54) (size 2.25 2.25) (drill 1.7) (layers *.Cu *.Mask)
      (net 1 GND))
    (pad 2 thru_hole circle (at 2.54 -2.54) (size 2.25 2.25) (drill 1.7) (layers *.Cu *.Mask)
      (net 1 GND))
    (pad 2 thru_hole circle (at -2.54 -2.54) (size 2.25 2.25) (drill 1.7) (layers *.Cu *.Mask)
      (net 1 GND))
    (pad 2 thru_hole circle (at -2.54 2.54) (size 2.25 2.25) (drill 1.7) (layers *.Cu *.Mask)
      (net 1 GND))
    (model ${KISYS3DMOD}/Connector_Coaxial.3dshapes/SMA_Amphenol_132134_Vertical.wrl
      (at (xyz 0 0 0))
      (scale (xyz 1 1 1))
      (rotate (xyz 0 0 0))
    )
  )

  (module Resistor_SMD:R_1206_3216Metric_Pad1.42x1.75mm_HandSolder (layer F.Cu) (tedit 5B301BBD) (tstamp 61B91652)
    (at 106.6 88.2125 270)
    (descr "Resistor SMD 1206 (3216 Metric), square (rectangular) end terminal, IPC_7351 nominal with elongated pad for handsoldering. (Body size source: http://www.tortai-tech.com/upload/download/2011102023233369053.pdf), generated with kicad-footprint-generator")
    (tags "resistor handsolder")
    (path /61BB773B)
    (attr smd)
    (fp_text reference R1 (at 0 -1.82 90) (layer F.SilkS)
      (effects (font (size 1 1) (thickness 0.15)))
    )
    (fp_text value 75R (at 0 1.82 90) (layer F.Fab)
      (effects (font (size 1 1) (thickness 0.15)))
    )
    (fp_text user %R (at 0 0 90) (layer F.Fab)
      (effects (font (size 0.8 0.8) (thickness 0.12)))
    )
    (fp_line (start -1.6 0.8) (end -1.6 -0.8) (layer F.Fab) (width 0.1))
    (fp_line (start -1.6 -0.8) (end 1.6 -0.8) (layer F.Fab) (width 0.1))
    (fp_line (start 1.6 -0.8) (end 1.6 0.8) (layer F.Fab) (width 0.1))
    (fp_line (start 1.6 0.8) (end -1.6 0.8) (layer F.Fab) (width 0.1))
    (fp_line (start -0.602064 -0.91) (end 0.602064 -0.91) (layer F.SilkS) (width 0.12))
    (fp_line (start -0.602064 0.91) (end 0.602064 0.91) (layer F.SilkS) (width 0.12))
    (fp_line (start -2.45 1.12) (end -2.45 -1.12) (layer F.CrtYd) (width 0.05))
    (fp_line (start -2.45 -1.12) (end 2.45 -1.12) (layer F.CrtYd) (width 0.05))
    (fp_line (start 2.45 -1.12) (end 2.45 1.12) (layer F.CrtYd) (width 0.05))
    (fp_line (start 2.45 1.12) (end -2.45 1.12) (layer F.CrtYd) (width 0.05))
    (pad 2 smd roundrect (at 1.4875 0 270) (size 1.425 1.75) (layers F.Cu F.Paste F.Mask) (roundrect_rratio 0.175439)
      (net 1 GND))
    (pad 1 smd roundrect (at -1.4875 0 270) (size 1.425 1.75) (layers F.Cu F.Paste F.Mask) (roundrect_rratio 0.175439)
      (net 6 "Net-(J1-Pad7)"))
    (model ${KISYS3DMOD}/Resistor_SMD.3dshapes/R_1206_3216Metric.wrl
      (at (xyz 0 0 0))
      (scale (xyz 1 1 1))
      (rotate (xyz 0 0 0))
    )
  )

  (module Resistor_SMD:R_1206_3216Metric_Pad1.42x1.75mm_HandSolder (layer F.Cu) (tedit 5B301BBD) (tstamp 61B91663)
    (at 102.9 88.2125 270)
    (descr "Resistor SMD 1206 (3216 Metric), square (rectangular) end terminal, IPC_7351 nominal with elongated pad for handsoldering. (Body size source: http://www.tortai-tech.com/upload/download/2011102023233369053.pdf), generated with kicad-footprint-generator")
    (tags "resistor handsolder")
    (path /61BBA3B7)
    (attr smd)
    (fp_text reference R2 (at 0 -1.82 90) (layer F.SilkS)
      (effects (font (size 1 1) (thickness 0.15)))
    )
    (fp_text value 75R (at 0 1.82 90) (layer F.Fab)
      (effects (font (size 1 1) (thickness 0.15)))
    )
    (fp_line (start 2.45 1.12) (end -2.45 1.12) (layer F.CrtYd) (width 0.05))
    (fp_line (start 2.45 -1.12) (end 2.45 1.12) (layer F.CrtYd) (width 0.05))
    (fp_line (start -2.45 -1.12) (end 2.45 -1.12) (layer F.CrtYd) (width 0.05))
    (fp_line (start -2.45 1.12) (end -2.45 -1.12) (layer F.CrtYd) (width 0.05))
    (fp_line (start -0.602064 0.91) (end 0.602064 0.91) (layer F.SilkS) (width 0.12))
    (fp_line (start -0.602064 -0.91) (end 0.602064 -0.91) (layer F.SilkS) (width 0.12))
    (fp_line (start 1.6 0.8) (end -1.6 0.8) (layer F.Fab) (width 0.1))
    (fp_line (start 1.6 -0.8) (end 1.6 0.8) (layer F.Fab) (width 0.1))
    (fp_line (start -1.6 -0.8) (end 1.6 -0.8) (layer F.Fab) (width 0.1))
    (fp_line (start -1.6 0.8) (end -1.6 -0.8) (layer F.Fab) (width 0.1))
    (fp_text user %R (at 0 0 90) (layer F.Fab)
      (effects (font (size 0.8 0.8) (thickness 0.12)))
    )
    (pad 1 smd roundrect (at -1.4875 0 270) (size 1.425 1.75) (layers F.Cu F.Paste F.Mask) (roundrect_rratio 0.175439)
      (net 5 "Net-(J1-Pad4)"))
    (pad 2 smd roundrect (at 1.4875 0 270) (size 1.425 1.75) (layers F.Cu F.Paste F.Mask) (roundrect_rratio 0.175439)
      (net 1 GND))
    (model ${KISYS3DMOD}/Resistor_SMD.3dshapes/R_1206_3216Metric.wrl
      (at (xyz 0 0 0))
      (scale (xyz 1 1 1))
      (rotate (xyz 0 0 0))
    )
  )

  (module Resistor_SMD:R_1206_3216Metric_Pad1.42x1.75mm_HandSolder (layer F.Cu) (tedit 5B301BBD) (tstamp 61B91674)
    (at 122.5 88.5 270)
    (descr "Resistor SMD 1206 (3216 Metric), square (rectangular) end terminal, IPC_7351 nominal with elongated pad for handsoldering. (Body size source: http://www.tortai-tech.com/upload/download/2011102023233369053.pdf), generated with kicad-footprint-generator")
    (tags "resistor handsolder")
    (path /61BAD53E)
    (attr smd)
    (fp_text reference R3 (at 0 -1.82 90) (layer F.SilkS)
      (effects (font (size 1 1) (thickness 0.15)))
    )
    (fp_text value 75R (at 0 1.82 90) (layer F.Fab)
      (effects (font (size 1 1) (thickness 0.15)))
    )
    (fp_line (start 2.45 1.12) (end -2.45 1.12) (layer F.CrtYd) (width 0.05))
    (fp_line (start 2.45 -1.12) (end 2.45 1.12) (layer F.CrtYd) (width 0.05))
    (fp_line (start -2.45 -1.12) (end 2.45 -1.12) (layer F.CrtYd) (width 0.05))
    (fp_line (start -2.45 1.12) (end -2.45 -1.12) (layer F.CrtYd) (width 0.05))
    (fp_line (start -0.602064 0.91) (end 0.602064 0.91) (layer F.SilkS) (width 0.12))
    (fp_line (start -0.602064 -0.91) (end 0.602064 -0.91) (layer F.SilkS) (width 0.12))
    (fp_line (start 1.6 0.8) (end -1.6 0.8) (layer F.Fab) (width 0.1))
    (fp_line (start 1.6 -0.8) (end 1.6 0.8) (layer F.Fab) (width 0.1))
    (fp_line (start -1.6 -0.8) (end 1.6 -0.8) (layer F.Fab) (width 0.1))
    (fp_line (start -1.6 0.8) (end -1.6 -0.8) (layer F.Fab) (width 0.1))
    (fp_text user %R (at 0 0 90) (layer F.Fab)
      (effects (font (size 0.8 0.8) (thickness 0.12)))
    )
    (pad 1 smd roundrect (at -1.4875 0 270) (size 1.425 1.75) (layers F.Cu F.Paste F.Mask) (roundrect_rratio 0.175439)
      (net 7 "Net-(R3-Pad1)"))
    (pad 2 smd roundrect (at 1.4875 0 270) (size 1.425 1.75) (layers F.Cu F.Paste F.Mask) (roundrect_rratio 0.175439)
      (net 4 "Net-(C3-Pad1)"))
    (model ${KISYS3DMOD}/Resistor_SMD.3dshapes/R_1206_3216Metric.wrl
      (at (xyz 0 0 0))
      (scale (xyz 1 1 1))
      (rotate (xyz 0 0 0))
    )
  )

  (module Resistor_SMD:R_1206_3216Metric_Pad1.42x1.75mm_HandSolder (layer F.Cu) (tedit 5B301BBD) (tstamp 61B91685)
    (at 126.2 88.5 270)
    (descr "Resistor SMD 1206 (3216 Metric), square (rectangular) end terminal, IPC_7351 nominal with elongated pad for handsoldering. (Body size source: http://www.tortai-tech.com/upload/download/2011102023233369053.pdf), generated with kicad-footprint-generator")
    (tags "resistor handsolder")
    (path /61BADB8B)
    (attr smd)
    (fp_text reference R4 (at 0 -1.82 90) (layer F.SilkS)
      (effects (font (size 1 1) (thickness 0.15)))
    )
    (fp_text value 75R (at 0 1.82 90) (layer F.Fab)
      (effects (font (size 1 1) (thickness 0.15)))
    )
    (fp_text user %R (at 0 0 90) (layer F.Fab)
      (effects (font (size 0.8 0.8) (thickness 0.12)))
    )
    (fp_line (start -1.6 0.8) (end -1.6 -0.8) (layer F.Fab) (width 0.1))
    (fp_line (start -1.6 -0.8) (end 1.6 -0.8) (layer F.Fab) (width 0.1))
    (fp_line (start 1.6 -0.8) (end 1.6 0.8) (layer F.Fab) (width 0.1))
    (fp_line (start 1.6 0.8) (end -1.6 0.8) (layer F.Fab) (width 0.1))
    (fp_line (start -0.602064 -0.91) (end 0.602064 -0.91) (layer F.SilkS) (width 0.12))
    (fp_line (start -0.602064 0.91) (end 0.602064 0.91) (layer F.SilkS) (width 0.12))
    (fp_line (start -2.45 1.12) (end -2.45 -1.12) (layer F.CrtYd) (width 0.05))
    (fp_line (start -2.45 -1.12) (end 2.45 -1.12) (layer F.CrtYd) (width 0.05))
    (fp_line (start 2.45 -1.12) (end 2.45 1.12) (layer F.CrtYd) (width 0.05))
    (fp_line (start 2.45 1.12) (end -2.45 1.12) (layer F.CrtYd) (width 0.05))
    (pad 2 smd roundrect (at 1.4875 0 270) (size 1.425 1.75) (layers F.Cu F.Paste F.Mask) (roundrect_rratio 0.175439)
      (net 4 "Net-(C3-Pad1)"))
    (pad 1 smd roundrect (at -1.4875 0 270) (size 1.425 1.75) (layers F.Cu F.Paste F.Mask) (roundrect_rratio 0.175439)
      (net 8 "Net-(R4-Pad1)"))
    (model ${KISYS3DMOD}/Resistor_SMD.3dshapes/R_1206_3216Metric.wrl
      (at (xyz 0 0 0))
      (scale (xyz 1 1 1))
      (rotate (xyz 0 0 0))
    )
  )

  (module Transformer_SMD:Transformer_Ethernet_Bourns_PT61017PEL (layer F.Cu) (tedit 5C422741) (tstamp 61B916B2)
    (at 121.6 76.8)
    (descr https://www.bourns.com/docs/Product-Datasheets/PT61017PEL.pdf)
    (tags "Transformer Ethernet Single Center-Tap")
    (path /61BAA161)
    (attr smd)
    (fp_text reference TR1 (at 0 0) (layer F.SilkS)
      (effects (font (size 1 1) (thickness 0.15)))
    )
    (fp_text value H1197FNLT (at 0 1.5) (layer F.Fab)
      (effects (font (size 1 1) (thickness 0.15)))
    )
    (fp_line (start 3.7 -5.1) (end 3.7 -6.65) (layer F.CrtYd) (width 0.05))
    (fp_line (start 5.5 -5.1) (end 3.7 -5.1) (layer F.CrtYd) (width 0.05))
    (fp_line (start 5.5 5.1) (end 5.5 -5.1) (layer F.CrtYd) (width 0.05))
    (fp_line (start 3.7 5.1) (end 5.5 5.1) (layer F.CrtYd) (width 0.05))
    (fp_line (start 3.7 6.65) (end 3.7 5.1) (layer F.CrtYd) (width 0.05))
    (fp_line (start -3.7 6.65) (end 3.7 6.65) (layer F.CrtYd) (width 0.05))
    (fp_line (start -3.7 5.1) (end -3.7 6.65) (layer F.CrtYd) (width 0.05))
    (fp_line (start -5.5 5.1) (end -3.7 5.1) (layer F.CrtYd) (width 0.05))
    (fp_line (start -3.7 -6.65) (end 3.7 -6.65) (layer F.CrtYd) (width 0.05))
    (fp_line (start -3.7 -5.1) (end -3.7 -6.65) (layer F.CrtYd) (width 0.05))
    (fp_line (start -3.7 -5.1) (end -5.5 -5.1) (layer F.CrtYd) (width 0.05))
    (fp_line (start -5.5 -5.1) (end -5.5 5.1) (layer F.CrtYd) (width 0.05))
    (fp_line (start 3.6 6.55) (end 3.6 5.025) (layer F.SilkS) (width 0.12))
    (fp_line (start -3.6 6.55) (end 3.6 6.55) (layer F.SilkS) (width 0.12))
    (fp_line (start -3.6 5.025) (end -3.6 6.55) (layer F.SilkS) (width 0.12))
    (fp_line (start 3.6 -6.55) (end 3.6 -5.025) (layer F.SilkS) (width 0.12))
    (fp_line (start -3.6 -6.55) (end 3.6 -6.55) (layer F.SilkS) (width 0.12))
    (fp_line (start -3.6 -5.025) (end -3.6 -6.55) (layer F.SilkS) (width 0.12))
    (fp_line (start -5.2 -5.025) (end -3.6 -5.025) (layer F.SilkS) (width 0.12))
    (fp_line (start -2.45 -6.4) (end -3.45 -5.4) (layer F.Fab) (width 0.1))
    (fp_line (start 3.45 -6.4) (end -2.45 -6.4) (layer F.Fab) (width 0.1))
    (fp_line (start 3.45 6.4) (end 3.45 -6.4) (layer F.Fab) (width 0.1))
    (fp_line (start -3.45 6.4) (end 3.45 6.4) (layer F.Fab) (width 0.1))
    (fp_line (start -3.45 -5.4) (end -3.45 6.4) (layer F.Fab) (width 0.1))
    (fp_text user %R (at 0 0) (layer F.Fab)
      (effects (font (size 1 1) (thickness 0.15)))
    )
    (pad 1 smd rect (at -4.4 -4.445) (size 1.7 0.76) (layers F.Cu F.Paste F.Mask)
      (net 9 /TX+in))
    (pad 2 smd rect (at -4.4 -3.175) (size 1.7 0.76) (layers F.Cu F.Paste F.Mask)
      (net 2 "Net-(C1-Pad1)"))
    (pad 3 smd rect (at -4.4 -1.905) (size 1.7 0.76) (layers F.Cu F.Paste F.Mask)
      (net 10 /TX-in))
    (pad 4 smd rect (at -4.4 -0.635) (size 1.7 0.76) (layers F.Cu F.Paste F.Mask))
    (pad 7 smd rect (at -4.4 3.175) (size 1.7 0.76) (layers F.Cu F.Paste F.Mask)
      (net 3 "Net-(C2-Pad1)"))
    (pad 5 smd rect (at -4.4 0.635) (size 1.7 0.76) (layers F.Cu F.Paste F.Mask))
    (pad 6 smd rect (at -4.4 1.905) (size 1.7 0.76) (layers F.Cu F.Paste F.Mask)
      (net 11 /RX+in))
    (pad 8 smd rect (at -4.4 4.445) (size 1.7 0.76) (layers F.Cu F.Paste F.Mask)
      (net 12 /RX-in))
    (pad 14 smd rect (at 4.4 -1.905) (size 1.7 0.76) (layers F.Cu F.Paste F.Mask)
      (net 13 /TX-out))
    (pad 11 smd rect (at 4.4 1.905) (size 1.7 0.76) (layers F.Cu F.Paste F.Mask)
      (net 14 /RX+out))
    (pad 9 smd rect (at 4.4 4.445) (size 1.7 0.76) (layers F.Cu F.Paste F.Mask)
      (net 15 /RX-out))
    (pad 15 smd rect (at 4.4 -3.175) (size 1.7 0.76) (layers F.Cu F.Paste F.Mask)
      (net 8 "Net-(R4-Pad1)"))
    (pad 10 smd rect (at 4.4 3.175) (size 1.7 0.76) (layers F.Cu F.Paste F.Mask)
      (net 7 "Net-(R3-Pad1)"))
    (pad 13 smd rect (at 4.4 -0.635) (size 1.7 0.76) (layers F.Cu F.Paste F.Mask))
    (pad 16 smd rect (at 4.4 -4.445) (size 1.7 0.76) (layers F.Cu F.Paste F.Mask)
      (net 16 /TX+out))
    (pad 12 smd rect (at 4.4 0.635) (size 1.7 0.76) (layers F.Cu F.Paste F.Mask))
    (model ${KISYS3DMOD}/Transformer_SMD.3dshapes/Transformer_Ethernet_Bourns_PT61017PEL.wrl
      (at (xyz 0 0 0))
      (scale (xyz 1 1 1))
      (rotate (xyz 0 0 0))
    )
  )

  (module myfootprintlib:mezzanine_9p_10162582-1134109LF_Conan_1mm (layer B.Cu) (tedit 61B86323) (tstamp 61B919EC)
    (at 114.0638 90.7094 270)
    (path /61BAB139)
    (fp_text reference J1 (at 0 -0.5 90) (layer B.SilkS)
      (effects (font (size 1 1) (thickness 0.15)) (justify mirror))
    )
    (fp_text value Conn_01x09_Male (at 0 0.5 90) (layer B.Fab)
      (effects (font (size 1 1) (thickness 0.15)) (justify mirror))
    )
    (pad 1 smd rect (at -16 11 270) (size 0.6096 2.794) (layers B.Cu B.Paste B.Mask)
      (net 9 /TX+in))
    (pad 2 smd rect (at -15.5 7.698 270) (size 0.6096 2.794) (layers B.Cu B.Paste B.Mask)
      (net 10 /TX-in))
    (pad 3 smd rect (at -15 11 270) (size 0.6096 2.794) (layers B.Cu B.Paste B.Mask)
      (net 11 /RX+in))
    (pad 4 smd rect (at -14.5 7.698 270) (size 0.6096 2.794) (layers B.Cu B.Paste B.Mask)
      (net 5 "Net-(J1-Pad4)"))
    (pad 5 smd rect (at -14 11 270) (size 0.6096 2.794) (layers B.Cu B.Paste B.Mask)
      (net 5 "Net-(J1-Pad4)"))
    (pad 6 smd rect (at -13.5 7.698 270) (size 0.6096 2.794) (layers B.Cu B.Paste B.Mask)
      (net 12 /RX-in))
    (pad 7 smd rect (at -13 11 270) (size 0.6096 2.794) (layers B.Cu B.Paste B.Mask)
      (net 6 "Net-(J1-Pad7)"))
    (pad 8 smd rect (at -12.5 7.698 270) (size 0.6096 2.794) (layers B.Cu B.Paste B.Mask)
      (net 6 "Net-(J1-Pad7)"))
    (pad 9 smd rect (at -12 11 270) (size 0.6096 2.794) (layers B.Cu B.Paste B.Mask)
      (net 1 GND))
    (pad 10 smd rect (at -17.7225 9.349 270) (size 1.397 6.096) (layers B.Paste))
    (pad 11 smd rect (at -10.2775 9.349 270) (size 1.397 6.096) (layers B.Paste))
    (pad "" np_thru_hole circle (at -16.5287 8.24918 270) (size 0.8 0.8) (drill 0.8) (layers *.Cu *.Mask))
    (pad "" np_thru_hole circle (at -11.4713 8.24918 270) (size 0.8 0.8) (drill 0.8) (layers *.Cu *.Mask))
  )

  (gr_line (start 97 97) (end 97 56) (layer Edge.Cuts) (width 0.05) (tstamp 61B91A8C))
  (gr_line (start 147 97) (end 97 97) (layer Edge.Cuts) (width 0.05) (tstamp 61B91E62))
  (gr_line (start 147 56) (end 147 97) (layer Edge.Cuts) (width 0.05) (tstamp 61B91E65))
  (gr_line (start 97 56) (end 147 56) (layer Edge.Cuts) (width 0.05))

  (via (at 112.9 71.1) (size 0.8) (drill 0.4) (layers F.Cu B.Cu) (net 2))
  (segment (start 112.9 69.2875) (end 112.9 71.1) (width 0.5) (layer F.Cu) (net 2))
  (via (at 112.9 73.6) (size 0.8) (drill 0.4) (layers F.Cu B.Cu) (net 2))
  (segment (start 112.9 71.1) (end 112.9 73.6) (width 0.5) (layer B.Cu) (net 2))
  (segment (start 117.175 73.6) (end 117.2 73.625) (width 0.5) (layer F.Cu) (net 2))
  (segment (start 112.9 73.6) (end 117.175 73.6) (width 0.5) (layer F.Cu) (net 2))
  (via (at 113.7 82.2) (size 0.8) (drill 0.4) (layers F.Cu B.Cu) (net 3))
  (segment (start 113.7 84.025) (end 113.7 82.2) (width 0.5) (layer F.Cu) (net 3))
  (via (at 113.7 80) (size 0.8) (drill 0.4) (layers F.Cu B.Cu) (net 3))
  (segment (start 113.7 82.2) (end 113.7 80) (width 0.5) (layer B.Cu) (net 3))
  (segment (start 117.175 80) (end 117.2 79.975) (width 0.5) (layer F.Cu) (net 3))
  (segment (start 113.7 80) (end 117.175 80) (width 0.5) (layer F.Cu) (net 3))
  (segment (start 124.4125 90.0125) (end 124.3875 89.9875) (width 0.5) (layer F.Cu) (net 4))
  (segment (start 124.4125 93.1) (end 124.4125 90.0125) (width 0.5) (layer F.Cu) (net 4))
  (segment (start 122.5 89.9875) (end 124.3875 89.9875) (width 0.5) (layer F.Cu) (net 4))
  (segment (start 124.3875 89.9875) (end 126.2 89.9875) (width 0.5) (layer F.Cu) (net 4))
  (segment (start 104.410801 76.7094) (end 103.0638 76.7094) (width 0.5) (layer B.Cu) (net 5) (status 30))
  (segment (start 104.910801 76.2094) (end 104.410801 76.7094) (width 0.5) (layer B.Cu) (net 5) (status 20))
  (segment (start 106.3658 76.2094) (end 104.910801 76.2094) (width 0.5) (layer B.Cu) (net 5) (status 10))
  (segment (start 103.0638 76.7094) (end 100.1906 76.7094) (width 0.5) (layer B.Cu) (net 5))
  (segment (start 100.1906 76.7094) (end 99 77.9) (width 0.5) (layer B.Cu) (net 5))
  (via (at 99 85) (size 0.8) (drill 0.4) (layers F.Cu B.Cu) (net 5))
  (segment (start 99 77.9) (end 99 85) (width 0.5) (layer B.Cu) (net 5))
  (segment (start 99 85) (end 100.7 86.7) (width 0.5) (layer F.Cu) (net 5))
  (segment (start 102.875 86.7) (end 102.9 86.725) (width 0.5) (layer F.Cu) (net 5))
  (segment (start 100.7 86.7) (end 102.875 86.7) (width 0.5) (layer F.Cu) (net 5))
  (segment (start 104.518799 77.7094) (end 103.0638 77.7094) (width 0.5) (layer B.Cu) (net 6) (status 20))
  (segment (start 105.018799 78.2094) (end 104.518799 77.7094) (width 0.5) (layer B.Cu) (net 6) (status 10))
  (segment (start 106.3658 78.2094) (end 105.018799 78.2094) (width 0.5) (layer B.Cu) (net 6) (status 30))
  (segment (start 103.0638 77.7094) (end 100.7906 77.7094) (width 0.5) (layer B.Cu) (net 6))
  (segment (start 100.7906 77.7094) (end 100.2 78.3) (width 0.5) (layer B.Cu) (net 6))
  (segment (start 100.2 78.3) (end 100.2 82.9) (width 0.5) (layer B.Cu) (net 6))
  (via (at 101.6 84.3) (size 0.8) (drill 0.4) (layers F.Cu B.Cu) (net 6))
  (segment (start 100.2 82.9) (end 101.6 84.3) (width 0.5) (layer B.Cu) (net 6))
  (segment (start 101.6 84.3) (end 105.9 84.3) (width 0.5) (layer F.Cu) (net 6))
  (segment (start 106.6 85) (end 106.6 86.725) (width 0.5) (layer F.Cu) (net 6))
  (segment (start 105.9 84.3) (end 106.6 85) (width 0.5) (layer F.Cu) (net 6))
  (via (at 128.8 80) (size 0.8) (drill 0.4) (layers F.Cu B.Cu) (net 7))
  (segment (start 126 79.975) (end 128.775 79.975) (width 0.5) (layer F.Cu) (net 7))
  (segment (start 128.775 79.975) (end 128.8 80) (width 0.5) (layer F.Cu) (net 7))
  (segment (start 128.8 80) (end 128.8 81.1) (width 0.5) (layer B.Cu) (net 7))
  (segment (start 128.8 81.1) (end 128.8 81.4) (width 0.5) (layer B.Cu) (net 7))
  (segment (start 128.8 81.4) (end 125.9 84.3) (width 0.5) (layer B.Cu) (net 7))
  (via (at 122.5 84.3) (size 0.8) (drill 0.4) (layers F.Cu B.Cu) (net 7))
  (segment (start 125.9 84.3) (end 122.5 84.3) (width 0.5) (layer B.Cu) (net 7))
  (segment (start 122.5 84.3) (end 122.5 87.0125) (width 0.5) (layer F.Cu) (net 7))
  (via (at 127.6 73.6) (size 0.8) (drill 0.4) (layers F.Cu B.Cu) (net 8))
  (segment (start 126 73.625) (end 127.575 73.625) (width 0.5) (layer F.Cu) (net 8))
  (segment (start 127.575 73.625) (end 127.6 73.6) (width 0.5) (layer F.Cu) (net 8))
  (segment (start 127.6 73.6) (end 131.2 77.2) (width 0.5) (layer B.Cu) (net 8))
  (segment (start 131.2 77.2) (end 131.2 79.8) (width 0.5) (layer B.Cu) (net 8))
  (segment (start 131.2 79.8) (end 129.8 81.2) (width 0.5) (layer B.Cu) (net 8))
  (segment (start 129.8 81.2) (end 129.8 82) (width 0.5) (layer B.Cu) (net 8))
  (segment (start 129.8 82) (end 127.7 84.1) (width 0.5) (layer B.Cu) (net 8))
  (via (at 126.2 85.4) (size 0.8) (drill 0.4) (layers F.Cu B.Cu) (net 8))
  (segment (start 127.7 84.1) (end 126.4 85.4) (width 0.5) (layer B.Cu) (net 8))
  (segment (start 126.4 85.4) (end 126.2 85.4) (width 0.5) (layer B.Cu) (net 8))
  (segment (start 126.2 85.4) (end 126.2 87.0125) (width 0.5) (layer F.Cu) (net 8))
  (via (at 100.2 73.8) (size 0.8) (drill 0.4) (layers F.Cu B.Cu) (net 9))
  (segment (start 103.0638 74.7094) (end 101.1094 74.7094) (width 0.5) (layer B.Cu) (net 9))
  (segment (start 101.1094 74.7094) (end 100.2 73.8) (width 0.5) (layer B.Cu) (net 9))
  (segment (start 101.645 72.355) (end 117.2 72.355) (width 0.5) (layer F.Cu) (net 9))
  (segment (start 100.2 73.8) (end 101.645 72.355) (width 0.5) (layer F.Cu) (net 9))
  (via (at 108.5 74.9) (size 0.8) (drill 0.4) (layers F.Cu B.Cu) (net 10))
  (segment (start 106.3658 75.2094) (end 108.1906 75.2094) (width 0.5) (layer B.Cu) (net 10))
  (segment (start 108.1906 75.2094) (end 108.5 74.9) (width 0.5) (layer B.Cu) (net 10))
  (segment (start 117.195 74.9) (end 117.2 74.895) (width 0.5) (layer F.Cu) (net 10))
  (segment (start 108.5 74.9) (end 117.195 74.9) (width 0.5) (layer F.Cu) (net 10))
  (via (at 100.8 75.8) (size 0.8) (drill 0.4) (layers F.Cu B.Cu) (net 11))
  (segment (start 103.0638 75.7094) (end 100.8906 75.7094) (width 0.5) (layer B.Cu) (net 11))
  (segment (start 100.8906 75.7094) (end 100.8 75.8) (width 0.5) (layer B.Cu) (net 11))
  (segment (start 115.85 78.705) (end 117.2 78.705) (width 0.5) (layer F.Cu) (net 11))
  (segment (start 112.945 75.8) (end 115.85 78.705) (width 0.5) (layer F.Cu) (net 11))
  (segment (start 100.8 75.8) (end 112.945 75.8) (width 0.5) (layer F.Cu) (net 11))
  (via (at 110 81.1) (size 0.8) (drill 0.4) (layers F.Cu B.Cu) (net 12))
  (segment (start 106.3658 77.2094) (end 108.2628 77.2094) (width 0.5) (layer B.Cu) (net 12))
  (segment (start 110 78.9466) (end 110 81.1) (width 0.5) (layer B.Cu) (net 12))
  (segment (start 108.2628 77.2094) (end 110 78.9466) (width 0.5) (layer B.Cu) (net 12))
  (segment (start 117.055 81.1) (end 117.2 81.245) (width 0.5) (layer F.Cu) (net 12))
  (segment (start 110 81.1) (end 117.055 81.1) (width 0.5) (layer F.Cu) (net 12))
  (segment (start 126 74.895) (end 128.105 74.895) (width 0.5) (layer F.Cu) (net 13))
  (segment (start 131.134 71.866) (end 139.507201 71.866) (width 0.5) (layer F.Cu) (net 13))
